113 339
114 367
122 400
131 432
142 464
152 494
167 527
192 555
274 561
330 553
369 528
391 498
401 470
408 443
410 420
417 385
424 349
141 287
157 270
187 263
216 271
243 281
320 285
350 278
383 274
404 275
415 291
283 322
282 347
283 370
283 393
257 416
269 416
277 413
289 413
306 412
157 328
183 315
222 314
244 335
221 345
182 344
314 344
340 323
378 326
396 341
370 354
338 353
218 458
240 453
261 447
279 452
297 446
315 458
336 464
317 482
304 491
282 496
255 491
235 478
254 465
280 467
306 464
307 471
281 473
254 470
